100 1 34 2 MAX3 80 66 36 35 77 MIN4 50 60 MIN6 
MAX3 2 34 1 100 
MIN4 77 35 36 66 80 34 100 
MIN6 60 50 35 80 34 100 
34 

2 100 1 6 5 * 2 + 2 MAX3 80 66 36 35 77 MIN4 50 60 MIN6 3 * + 
* 5 6 1 100 2 
+ 2 30 1 100 2 
MAX3 2 32 1 100 2 
MIN4 77 35 36 66 80 32 100 2 
MIN6 60 50 35 80 32 100 2 
* 3 32 2 
+ 96 2 
98 

400 N 11 3 2 * - 2 / + 200 N N + 
N 400 
* 2 3 11 -400 
- 6 11 -400 
/ 2 5 -400 
+ 2 -400 
N 200 -398 
N -200 -398 
+ 200 -398 
-198 

6 8 + 4 2 / 8 2 1 0 3 MIN5 IF 2 * 6 * 3 N / 
+ 8 6 
/ 2 4 14 
MIN5 3 0 1 2 8 2 14 
IF 0 2 14 
* 2 2 
* 6 4 
N 3 24 
/ -3 24 
-8 

